Run	Num W	Num R	JSD	Same states
1	10	25	0.6931471805599454	False
2	10	26892	0.6931471805599452	False
3	10	2608	0.6931471805599452	False
4	10	544	0.6931471805599454	False
5	10	218878	0.6931471805599454	False
6	10	311751	0.6931471805599452	False
7	10	1768	0.6931471805599454	False
8	10	284209	0.6931471805599454	False
9	10	131	0.6931471805599454	False
10	10	7174	0.6931471805599454	False
11	10	65	0.6931471805599454	False
12	10	115226	0.6931471805599453	False
13	10	79448	0.6931471805599453	False
14	10	276	0.6931471805599453	False
15	10	10705	0.6931471805599454	False
16	10	425528	0.6931471805599452	False
17	10	645636	0.6931471805599452	False
18	10	3561	0.6931471805599454	False
19	10	348979	0.6931471805599454	False
20	10	49400	0.6931471805599453	False
21	10	609865	0.6931471805599454	False
22	10	778	0.6931471805599454	False
23	10	95	0.6931471805599454	False
24	10	570589	0.6931471805599454	False
25	10	69	0.6931471805599454	False
26	10	174574	0.6931471805599454	False
27	10	50322	0.6931471805599454	False
28	10	1833	0.6931471805599453	False
29	10	1035	0.6931471805599453	False
30	10	354	0.6931471805599454	False
31	10	510583	0.6931471805599453	False
32	10	41	0.6931471805599454	False
33	10	104	0.6931471805599452	False
34	10	110077	0.6931471805599453	False
35	10	5143	0.6931471805599454	False
36	10	234638	0.6931471805599454	False
37	10	413	0.6931471805599454	False
38	10	384073	0.6931471805599452	False
39	10	141492	0.6931471805599454	False
40	10	180824	0.6931471805599453	False
41	10	596	0.6931471805599453	False
42	10	36981	0.6931471805599453	False
43	10	247356	0.6931471805599452	False
44	10	735659	0.6931471805599452	False
45	10	511507	0.6931471805599453	False
46	10	753851	0.6931471805599452	False
47	10	4609	0.6931471805599453	False
48	10	330916	0.6931471805599452	False
49	10	25116	0.6931471805599453	False
50	10	827688	0.6931471805599454	False
51	10	270	0.6931471805599454	False
52	10	171842	0.6931471805599454	False
53	10	328548	0.6931471805599454	False
54	10	3415	0.6931471805599454	False
55	10	310	0.6931471805599454	False
56	10	577	0.6931471805599454	False
57	10	823580	0.6931471805599452	False
58	10	198	0.6931471805599454	False
59	10	11754	0.6931471805599453	False
60	10	16482	0.6931471805599454	False
61	10	395574	0.6931471805599454	False
62	10	785400	0.6931471805599452	False
63	10	4163	0.6931471805599454	False
64	10	176484	0.6931471805599454	False
65	10	88	0.6931471805599454	False
66	10	1843	0.6931471805599453	False
67	10	3018	0.6931471805599453	False
68	10	405317	0.6931471805599453	False
69	10	68	0.6931471805599454	False
70	10	22598	0.6931471805599453	False
71	10	5250	0.6931471805599453	False
72	10	326	0.6931471805599454	False
73	10	545633	0.6931471805599452	False
74	10	505	0.6931471805599453	False
75	10	741768	0.6931471805599454	False
76	10	1128	0.6931471805599453	False
77	10	348211	0.6931471805599454	False
78	10	423152	0.6931471805599452	False
79	10	56485	0.6931471805599453	False
80	10	18214	0.6931471805599453	False
81	10	1858	0.6931471805599453	False
82	10	230	0.6931471805599453	False
83	10	3809	0.6931471805599453	False
84	10	419397	0.6931471805599454	False
85	10	618576	0.6931471805599452	False
86	10	758	0.6931471805599453	False
87	10	787280	0.6931471805599452	False
88	10	200994	0.6931471805599452	False
89	10	343721	0.6931471805599454	False
90	10	704693	0.6931471805599454	False
91	10	42962	0.6931471805599454	False
92	10	30949	0.6931471805599452	False
93	10	124	0.6931471805599454	False
94	10	811	0.6931471805599453	False
95	10	105093	0.6931471805599454	False
96	10	1036	0.6931471805599454	False
97	10	380843	0.6931471805599454	False
98	10	174518	0.6931471805599452	False
99	10	391508	0.6931471805599454	False
100	10	764345	0.6931471805599452	False
101	10	5574	0.6931471805599453	False
102	10	490439	0.6931471805599452	False
103	10	326433	0.6931471805599453	False
104	10	327378	0.6931471805599453	False
105	10	175156	0.6931471805599452	False
106	10	86	0.6931471805599454	False
107	10	32709	0.6931471805599453	False
108	10	34843	0.6931471805599453	False
109	10	113	0.6931471805599454	False
110	10	20980	0.6931471805599454	False
111	10	632265	0.6931471805599454	False
112	10	155925	0.6931471805599453	False
113	10	329139	0.6931471805599452	False
114	10	66585	0.6931471805599454	False
115	10	26558	0.6931471805599453	False
116	10	226612	0.6931471805599454	False
117	10	78564	0.6931471805599453	False
118	10	24401	0.6931471805599453	False
119	10	65942	0.6931471805599454	False
120	10	8356	0.6931471805599452	False
121	10	202	0.6931471805599454	False
122	10	80717	0.6931471805599454	False
123	10	17636	0.6931471805599453	False
124	10	285330	0.6931471805599454	False
125	10	48207	0.6931471805599454	False
126	10	17033	0.6931471805599454	False
127	10	89115	0.6931471805599453	False
128	10	268841	0.6931471805599453	False
129	10	188992	0.6931471805599454	False
130	10	124	0.6931471805599454	False
131	10	288882	0.6931471805599452	False
132	10	111252	0.6931471805599453	False
133	10	118515	0.6931471805599453	False
134	10	318169	0.6931471805599454	False
135	10	304618	0.6931471805599453	False
136	10	28682	0.6931471805599453	False
137	10	80	0.6931471805599453	False
138	10	110634	0.6931471805599454	False
139	10	587256	0.6931471805599453	False
140	10	127519	0.6931471805599453	False
141	10	511671	0.6931471805599454	False
142	10	126	0.6931471805599454	False
143	10	523	0.6931471805599453	False
144	10	4098	0.6931471805599454	False
145	10	568081	0.6931471805599453	False
146	10	158740	0.6931471805599453	False
147	10	652366	0.6931471805599454	False
148	10	11791	0.6931471805599453	False
149	10	166	0.6931471805599454	False
150	10	634172	0.6931471805599452	False
151	10	440090	0.6931471805599454	False
152	10	6345	0.6931471805599454	False
153	10	674314	0.6931471805599454	False
154	10	59714	0.6931471805599454	False
155	10	116993	0.6931471805599454	False
156	10	3927	0.6931471805599453	False
157	10	125	0.6931471805599453	False
158	10	522326	0.6931471805599452	False
159	10	2125	0.6931471805599453	False
160	10	294	0.6931471805599453	False
161	10	206991	0.6931471805599454	False
162	10	213207	0.6931471805599452	False
163	10	22288	0.6931471805599454	False
164	10	634174	0.6931471805599453	False
165	10	399	0.6931471805599454	False
166	10	14803	0.6931471805599453	False
167	10	776263	0.6931471805599452	False
168	10	274660	0.6931471805599454	False
169	10	39	0.6931471805599453	False
170	10	368	0.6931471805599453	False
171	10	76745	0.6931471805599453	False
172	10	818017	0.6931471805599452	False
173	10	29791	0.6931471805599453	False
174	10	12940	0.6931471805599453	False
175	10	552569	0.6931471805599453	False
176	10	313	0.6931471805599453	False
177	10	53789	0.6931471805599456	False
178	10	223972	0.6931471805599454	False
179	10	30535	0.6931471805599453	False
180	10	76485	0.6931471805599454	False
181	10	450687	0.6931471805599454	False
182	10	1824	0.6931471805599453	False
183	10	341556	0.6931471805599452	False
184	10	909	0.6931471805599453	False
185	10	82	0.6931471805599454	False
186	10	27	0.6931471805599453	False
187	10	334486	0.6931471805599452	False
188	10	165772	0.6931471805599454	False
189	10	42215	0.6931471805599453	False
190	10	55732	0.6931471805599454	False
191	10	467142	0.6931471805599454	False
192	10	416290	0.6931471805599452	False
193	10	921215	0.6931471805599454	False
194	10	2238	0.6931471805599454	False
195	10	510478	0.6931471805599452	False
196	10	50761	0.6931471805599454	False
197	10	1223	0.6931471805599453	False
198	10	851	0.6931471805599454	False
199	10	136882	0.6931471805599455	False
200	10	72469	0.6931471805599454	False
201	10	1307	0.6931471805599453	False
202	10	815387	0.6931471805599454	False
203	10	102	0.6931471805599454	False
204	10	105680	0.6931471805599454	False
205	10	881	0.6931471805599453	False
206	10	6926	0.6931471805599454	False
207	10	22205	0.6931471805599453	False
208	10	28759	0.6931471805599454	False
209	10	543	0.6931471805599453	False
210	10	267828	0.6931471805599452	False
211	10	39930	0.6931471805599453	False
212	10	445453	0.6931471805599452	False
213	10	144	0.6931471805599453	False
214	10	575619	0.6931471805599452	False
215	10	837821	0.6931471805599454	False
216	10	134014	0.6931471805599454	False
217	10	855	0.6931471805599454	False
218	10	771702	0.6931471805599454	False
219	10	3860	0.6931471805599453	False
220	10	304	0.6931471805599454	False
221	10	691113	0.6931471805599453	False
222	10	228	0.6931471805599453	False
223	10	218682	0.6931471805599454	False
224	10	21172	0.6931471805599453	False
225	10	354	0.6931471805599453	False
226	10	101596	0.6931471805599454	False
227	10	85866	0.6931471805599454	False
228	10	491	0.6931471805599454	False
229	10	548972	0.6931471805599452	False
230	10	358360	0.6931471805599454	False
231	10	252425	0.6931471805599453	False
232	10	305550	0.6931471805599452	False
233	10	597207	0.6931471805599454	False
234	10	303718	0.6931471805599453	False
235	10	404	0.6931471805599453	False
236	10	2519	0.6931471805599453	False
237	10	4647	0.6931471805599453	False
238	10	736	0.6931471805599454	False
239	10	491480	0.6931471805599454	False
240	10	195316	0.6931471805599454	False
241	10	319334	0.6931471805599454	False
242	10	604672	0.6931471805599453	False
243	10	11246	0.6931471805599454	False
244	10	46	0.6931471805599453	False
245	10	4271	0.6931471805599454	False
246	10	122	0.6931471805599454	False
247	10	5534	0.6931471805599453	False
248	10	44175	0.6931471805599453	False
249	10	419600	0.6931471805599454	False
250	10	1261	0.6931471805599454	False
251	10	82736	0.6931471805599453	False
252	10	33247	0.6931471805599454	False
253	10	569464	0.6931471805599455	False
254	10	398577	0.6931471805599453	False
255	10	65539	0.6931471805599454	False
256	10	78753	0.6931471805599453	False
257	10	3274	0.6931471805599453	False
258	10	61209	0.6931471805599454	False
259	10	66978	0.6931471805599453	False
260	10	558148	0.6931471805599452	False
261	10	310344	0.6931471805599452	False
262	10	746365	0.6931471805599452	False
263	10	60336	0.6931471805599453	False
264	10	63	0.6931471805599454	False
265	10	295	0.6931471805599453	False
266	10	67993	0.6931471805599453	False
267	10	32940	0.6931471805599454	False
268	10	166586	0.6931471805599454	False
269	10	250886	0.6931471805599454	False
270	10	11237	0.6931471805599454	False
271	10	2186	0.6931471805599453	False
272	10	492	0.6931471805599453	False
273	10	418	0.6931471805599454	False
274	10	31545	0.6931471805599453	False
275	10	71	0.6931471805599454	False
276	10	138495	0.6931471805599453	False
277	10	219352	0.6931471805599453	False
278	10	584712	0.6931471805599452	False
279	10	12197	0.6931471805599454	False
280	10	472922	0.6931471805599452	False
281	10	127	0.6931471805599454	False
282	10	46080	0.6931471805599453	False
283	10	2404	0.6931471805599454	False
284	10	47942	0.6931471805599454	False
285	10	479	0.6931471805599454	False
286	10	26757	0.6931471805599452	False
287	10	561	0.6931471805599454	False
288	10	199229	0.6931471805599454	False
289	10	10679	0.6931471805599453	False
290	10	503849	0.6931471805599452	False
291	10	301118	0.6931471805599452	False
292	10	88	0.6931471805599454	False
293	10	760929	0.6931471805599454	False
294	10	170332	0.6931471805599454	False
295	10	85	0.6931471805599454	False
296	10	230	0.6931471805599454	False
297	10	55661	0.6931471805599454	False
298	10	362478	0.6931471805599454	False
299	10	254	0.6931471805599454	False
300	10	370989	0.6931471805599454	False
301	10	984	0.6931471805599453	False
302	10	663443	0.6931471805599453	False
303	10	328670	0.6931471805599453	False
304	10	55351	0.6931471805599452	False
305	10	373253	0.6931471805599454	False
306	10	526399	0.6931471805599452	False
307	10	16455	0.6931471805599454	False
308	10	100	0.6931471805599454	False
309	10	253	0.6931471805599454	False
310	10	464199	0.6931471805599454	False
311	10	12605	0.6931471805599454	False
312	10	34899	0.6931471805599453	False
313	10	13811	0.6931471805599453	False
314	10	32493	0.6931471805599453	False
315	10	121792	0.6931471805599453	False
316	10	261149	0.6931471805599452	False
317	10	152	0.6931471805599454	False
318	10	4371	0.6931471805599453	False
319	10	48595	0.6931471805599453	False
320	10	160892	0.6931471805599454	False
321	10	68342	0.6931471805599454	False
322	10	540884	0.6931471805599454	False
323	10	118850	0.6931471805599452	False
324	10	184117	0.6931471805599453	False
325	10	224	0.6931471805599454	False
326	10	683966	0.6931471805599454	False
327	10	120	0.6931471805599453	False
328	10	619107	0.6931471805599454	False
329	10	589298	0.6931471805599452	False
330	10	136113	0.6931471805599454	False
331	10	621421	0.6931471805599453	False
332	10	2524	0.6931471805599454	False
333	10	2447	0.6931471805599453	False
334	10	478406	0.6931471805599453	False
335	10	58945	0.6931471805599454	False
336	10	60457	0.6931471805599455	False
337	10	27173	0.6931471805599454	False
338	10	716115	0.6931471805599454	False
339	10	428	0.6931471805599454	False
340	10	88884	0.6931471805599454	False
341	10	24790	0.6931471805599454	False
342	10	366017	0.6931471805599454	False
343	10	25375	0.6931471805599454	False
344	10	389819	0.6931471805599452	False
345	10	75185	0.6931471805599453	False
346	10	210	0.6931471805599454	False
347	10	180	0.6931471805599454	False
348	10	1312	0.6931471805599453	False
349	10	11157	0.6931471805599454	False
350	10	1328	0.6931471805599453	False
351	10	4053	0.6931471805599453	False
352	10	635818	0.6931471805599454	False
353	10	46246	0.6931471805599453	False
354	10	475021	0.6931471805599453	False
355	10	633	0.6931471805599453	False
356	10	4969	0.6931471805599454	False
357	10	18320	0.6931471805599453	False
358	10	3579	0.6931471805599454	False
359	10	459478	0.6931471805599453	False
360	10	411107	0.6931471805599454	False
361	10	664690	0.6931471805599452	False
362	10	384718	0.6931471805599452	False
363	10	729728	0.6931471805599454	False
364	10	170990	0.6931471805599454	False
365	10	169941	0.6931471805599454	False
366	10	433433	0.6931471805599455	False
367	10	583525	0.6931471805599453	False
368	10	13586	0.6931471805599453	False
369	10	1352	0.6931471805599453	False
370	10	480051	0.6931471805599452	False
371	10	306	0.6931471805599453	False
372	10	178234	0.6931471805599454	False
373	10	256	0.6931471805599454	False
374	10	846304	0.6931471805599454	False
375	10	4914	0.6931471805599453	False
376	10	106326	0.6931471805599454	False
377	10	360509	0.6931471805599453	False
378	10	561952	0.6931471805599452	False
379	10	81469	0.6931471805599454	False
380	10	34053	0.6931471805599452	False
381	10	2352	0.6931471805599454	False
382	10	687149	0.6931471805599454	False
383	10	465022	0.6931471805599454	False
384	10	9234	0.6931471805599454	False
385	10	485	0.6931471805599454	False
386	10	2277	0.6931471805599454	False
387	10	5081	0.6931471805599454	False
388	10	528	0.6931471805599453	False
389	10	829153	0.6931471805599455	False
390	10	123892	0.6931471805599453	False
391	10	607157	0.6931471805599456	False
392	10	53502	0.6931471805599454	False
393	10	203802	0.6931471805599454	False
394	10	238876	0.6931471805599454	False
395	10	40	0.6931471805599454	False
396	10	206	0.6931471805599454	False
397	10	13682	0.6931471805599453	False
398	10	21675	0.6931471805599453	False
399	10	565495	0.6931471805599453	False
400	10	359	0.6931471805599454	False
401	10	685586	0.6931471805599454	False
402	10	9956	0.6931471805599453	False
403	10	776327	0.6931471805599453	False
404	10	377270	0.6931471805599453	False
405	10	306888	0.6931471805599454	False
406	10	132127	0.6931471805599454	False
407	10	26758	0.6931471805599454	False
408	10	22900	0.6931471805599454	False
409	10	1776	0.6931471805599454	False
410	10	680301	0.6931471805599453	False
411	10	4551	0.6931471805599454	False
412	10	87712	0.6931471805599453	False
413	10	4222	0.6931471805599453	False
414	10	227	0.6931471805599454	False
415	10	17907	0.6931471805599455	False
416	10	51963	0.6931471805599453	False
417	10	198785	0.6931471805599454	False
418	10	745159	0.6931471805599452	False
419	10	71913	0.6931471805599452	False
420	10	126331	0.6931471805599453	False
421	10	11851	0.6931471805599453	False
422	10	820	0.6931471805599453	False
423	10	8101	0.6931471805599453	False
424	10	400269	0.6931471805599453	False
425	10	66610	0.6931471805599453	False
426	10	256806	0.6931471805599454	False
427	10	40643	0.6931471805599452	False
428	10	6889	0.6931471805599453	False
429	10	306569	0.6931471805599454	False
430	10	756661	0.6931471805599452	False
431	10	458080	0.6931471805599452	False
432	10	22972	0.6931471805599454	False
433	10	719	0.6931471805599454	False
434	10	80829	0.6931471805599453	False
435	10	30491	0.6931471805599453	False
436	10	207323	0.6931471805599454	False
437	10	777750	0.6931471805599453	False
438	10	639293	0.6931471805599452	False
439	10	146	0.6931471805599454	False
440	10	208050	0.6931471805599454	False
441	10	128168	0.6931471805599454	False
442	10	293982	0.6931471805599454	False
443	10	488033	0.6931471805599453	False
444	10	200670	0.6931471805599454	False
445	10	48662	0.6931471805599453	False
446	10	137943	0.6931471805599453	False
447	10	385	0.6931471805599453	False
448	10	291	0.6931471805599453	False
449	10	237295	0.6931471805599454	False
450	10	405853	0.6931471805599455	False
451	10	3855	0.6931471805599453	False
452	10	868528	0.6931471805599454	False
453	10	501749	0.6931471805599454	False
454	10	638268	0.6931471805599452	False
455	10	54020	0.6931471805599453	False
456	10	15768	0.6931471805599453	False
457	10	48974	0.6931471805599453	False
458	10	99	0.6931471805599453	False
459	10	1624	0.6931471805599454	False
460	10	36	0.6931471805599454	False
461	10	14887	0.6931471805599453	False
462	10	763743	0.6931471805599453	False
463	10	734819	0.6931471805599454	False
464	10	261192	0.6931471805599452	False
465	10	84676	0.6931471805599454	False
466	10	316	0.6931471805599453	False
467	10	118186	0.6931471805599454	False
468	10	74	0.6931471805599454	False
469	10	401	0.6931471805599453	False
470	10	297646	0.6931471805599452	False
471	10	159045	0.6931471805599454	False
472	10	230471	0.6931471805599453	False
473	10	506624	0.6931471805599454	False
474	10	480331	0.6931471805599453	False
475	10	310499	0.6931471805599453	False
476	10	79783	0.6931471805599453	False
477	10	4282	0.6931471805599453	False
478	10	227492	0.6931471805599454	False
479	10	361460	0.6931471805599454	False
480	10	404	0.6931471805599454	False
481	10	4612	0.6931471805599454	False
482	10	139788	0.6931471805599454	False
483	10	93984	0.6931471805599452	False
484	10	285550	0.6931471805599453	False
485	10	655399	0.6931471805599452	False
486	10	323739	0.6931471805599452	False
487	10	443709	0.6931471805599454	False
488	10	71486	0.6931471805599454	False
489	10	48340	0.6931471805599454	False
490	10	614433	0.6931471805599454	False
491	10	3643	0.6931471805599454	False
492	10	47762	0.6931471805599453	False
493	10	181331	0.6931471805599454	False
494	10	19466	0.6931471805599453	False
495	10	35851	0.6931471805599453	False
496	10	437997	0.6931471805599454	False
497	10	751795	0.6931471805599454	False
498	10	11757	0.6931471805599454	False
499	10	689084	0.6931471805599454	False
500	10	6821	0.6931471805599453	False
501	10	2845	0.6931471805599454	False
502	10	43944	0.6931471805599453	False
503	10	455	0.6931471805599453	False
504	10	441347	0.6931471805599454	False
505	10	85686	0.6931471805599452	False
506	10	352956	0.6931471805599453	False
507	10	10371	0.6931471805599452	False
508	10	2241	0.6931471805599454	False
509	10	14092	0.6931471805599453	False
510	10	559796	0.6931471805599453	False
511	10	129175	0.6931471805599454	False
512	10	4992	0.6931471805599453	False
513	10	454	0.6931471805599454	False
514	10	372027	0.6931471805599453	False
515	10	825951	0.6931471805599454	False
516	10	52959	0.6931471805599452	False
517	10	104	0.6931471805599454	False
518	10	473287	0.6931471805599454	False
519	10	286	0.6931471805599454	False
520	10	4241	0.6931471805599453	False
521	10	4342	0.6931471805599453	False
522	10	126	0.6931471805599454	False
523	10	234440	0.6931471805599454	False
524	10	8825	0.6931471805599453	False
525	10	487	0.6931471805599454	False
526	10	224653	0.6931471805599454	False
527	10	1261	0.6931471805599453	False
528	10	116	0.6931471805599454	False
529	10	116386	0.6931471805599454	False
530	10	566359	0.6931471805599454	False
531	10	29029	0.6931471805599453	False
532	10	100472	0.6931471805599453	False
533	10	240655	0.6931471805599453	False
534	10	256	0.6931471805599454	False
535	10	202	0.6931471805599453	False
536	10	131921	0.6931471805599454	False
537	10	750145	0.6931471805599454	False
538	10	158	0.6931471805599454	False
539	10	113748	0.6931471805599452	False
540	10	5914	0.6931471805599454	False
541	10	70275	0.6931471805599453	False
542	10	457068	0.6931471805599453	False
543	10	76133	0.6931471805599454	False
544	10	229804	0.6931471805599454	False
545	10	155705	0.6931471805599454	False
546	10	412	0.6931471805599453	False
547	10	41858	0.6931471805599452	False
548	10	526608	0.6931471805599452	False
549	10	599102	0.6931471805599454	False
550	10	69068	0.6931471805599454	False
551	10	34839	0.6931471805599452	False
552	10	780655	0.6931471805599452	False
553	10	373719	0.6931471805599454	False
554	10	304	0.6931471805599454	False
555	10	47405	0.6931471805599454	False
556	10	550762	0.6931471805599454	False
557	10	136672	0.6931471805599454	False
558	10	64694	0.6931471805599453	False
559	10	2705	0.6931471805599453	False
560	10	78	0.6931471805599454	False
561	10	9437	0.6931471805599454	False
562	10	699	0.6931471805599454	False
563	10	174	0.6931471805599454	False
564	10	2215	0.6931471805599454	False
565	10	176841	0.6931471805599454	False
566	10	787440	0.6931471805599454	False
567	10	143314	0.6931471805599453	False
568	10	354605	0.6931471805599454	False
569	10	2791	0.6931471805599454	False
570	10	659873	0.6931471805599452	False
571	10	223692	0.6931471805599455	False
572	10	696515	0.6931471805599452	False
573	10	320072	0.6931471805599454	False
574	10	213	0.6931471805599453	False
575	10	326382	0.6931471805599454	False
576	10	272926	0.6931471805599453	False
577	10	43222	0.6931471805599453	False
578	10	134328	0.6931471805599454	False
579	10	6221	0.6931471805599454	False
580	10	2742	0.6931471805599453	False
581	10	2872	0.6931471805599453	False
582	10	16271	0.6931471805599454	False
583	10	965	0.6931471805599453	False
584	10	335601	0.6931471805599452	False
585	10	17813	0.6931471805599453	False
586	10	455082	0.6931471805599455	False
587	10	367836	0.6931471805599454	False
588	10	72668	0.6931471805599454	False
589	10	5454	0.6931471805599453	False
590	10	788738	0.6931471805599454	False
591	10	136192	0.6931471805599453	False
592	10	21241	0.6931471805599453	False
593	10	74245	0.6931471805599454	False
594	10	511207	0.6931471805599454	False
595	10	788651	0.6931471805599454	False
596	10	371719	0.6931471805599454	False
597	10	609	0.6931471805599454	False
598	10	78	0.6931471805599454	False
599	10	92788	0.6931471805599454	False
600	10	338	0.6931471805599454	False
601	10	889	0.6931471805599453	False
602	10	24254	0.6931471805599453	False
603	10	5743	0.6931471805599453	False
604	10	868507	0.6931471805599452	False
605	10	12468	0.6931471805599453	False
606	10	367617	0.6931471805599456	False
607	10	132039	0.6931471805599452	False
608	10	374952	0.6931471805599452	False
609	10	597976	0.6931471805599454	False
610	10	47	0.6931471805599454	False
611	10	181319	0.6931471805599452	False
612	10	108	0.6931471805599453	False
613	10	122621	0.6931471805599454	False
614	10	59101	0.6931471805599453	False
615	10	42477	0.6931471805599454	False
616	10	164	0.6931471805599454	False
617	10	2379	0.6931471805599454	False
618	10	5829	0.6931471805599453	False
619	10	439	0.6931471805599453	False
620	10	214468	0.6931471805599453	False
621	10	7767	0.6931471805599453	False
622	10	142376	0.6931471805599453	False
623	10	9858	0.6931471805599454	False
624	10	5769	0.6931471805599453	False
625	10	340385	0.6931471805599453	False
626	10	358445	0.6931471805599454	False
627	10	92	0.6931471805599454	False
628	10	40	0.6931471805599454	False
629	10	5048	0.6931471805599454	False
630	10	34881	0.6931471805599454	False
631	10	17851	0.6931471805599452	False
632	10	11025	0.6931471805599453	False
633	10	14617	0.6931471805599452	False
634	10	425035	0.6931471805599454	False
635	10	22872	0.6931471805599454	False
636	10	213938	0.6931471805599454	False
637	10	252628	0.6931471805599453	False
638	10	302935	0.6931471805599453	False
639	10	679256	0.6931471805599453	False
640	10	248144	0.6931471805599452	False
641	10	25540	0.6931471805599454	False
642	10	832	0.6931471805599454	False
643	10	636648	0.6931471805599454	False
644	10	248	0.6931471805599454	False
645	10	211082	0.6931471805599454	False
646	10	134	0.6931471805599454	False
647	10	694351	0.6931471805599453	False
648	10	10715	0.6931471805599454	False
649	10	12592	0.6931471805599453	False
650	10	67	0.6931471805599454	False
651	10	4296	0.6931471805599453	False
652	10	127519	0.6931471805599452	False
653	10	233274	0.6931471805599453	False
654	10	814277	0.6931471805599452	False
655	10	883	0.6931471805599454	False
656	10	369182	0.6931471805599454	False
657	10	437254	0.6931471805599454	False
658	10	2900	0.6931471805599453	False
659	10	509	0.6931471805599453	False
660	10	212102	0.6931471805599454	False
661	10	700630	0.6931471805599452	False
662	10	371	0.6931471805599454	False
663	10	98962	0.6931471805599453	False
664	10	21854	0.6931471805599453	False
665	10	419442	0.6931471805599453	False
666	10	272778	0.6931471805599454	False
667	10	544791	0.6931471805599452	False
668	10	406290	0.6931471805599453	False
669	10	339774	0.6931471805599452	False
670	10	560028	0.6931471805599452	False
671	10	108	0.6931471805599454	False
672	10	123970	0.6931471805599452	False
673	10	2105	0.6931471805599453	False
674	10	173192	0.6931471805599452	False
675	10	556149	0.6931471805599454	False
676	10	16920	0.6931471805599453	False
677	10	215228	0.6931471805599452	False
678	10	318538	0.6931471805599452	False
679	10	288306	0.6931471805599454	False
680	10	470977	0.6931471805599454	False
681	10	140016	0.6931471805599454	False
682	10	48378	0.6931471805599453	False
683	10	311	0.6931471805599454	False
684	10	447902	0.6931471805599453	False
685	10	113270	0.6931471805599453	False
686	10	2507	0.6931471805599453	False
687	10	33696	0.6931471805599452	False
688	10	23239	0.6931471805599453	False
689	10	131341	0.6931471805599453	False
690	10	794788	0.6931471805599454	False
691	10	1429	0.6931471805599453	False
692	10	30934	0.6931471805599454	False
693	10	153	0.6931471805599454	False
694	10	30091	0.6931471805599454	False
695	10	53527	0.6931471805599452	False
696	10	536031	0.6931471805599454	False
697	10	5590	0.6931471805599453	False
698	10	983	0.6931471805599453	False
699	10	77298	0.6931471805599454	False
700	10	126273	0.6931471805599454	False
701	10	26351	0.6931471805599453	False
702	10	8578	0.6931471805599453	False
703	10	366798	0.6931471805599454	False
704	10	579470	0.6931471805599452	False
705	10	669	0.6931471805599453	False
706	10	772211	0.6931471805599454	False
707	10	2083	0.6931471805599453	False
708	10	142506	0.6931471805599452	False
709	10	1002	0.6931471805599453	False
710	10	574630	0.6931471805599454	False
711	10	356864	0.6931471805599452	False
712	10	44434	0.6931471805599452	False
713	10	351	0.6931471805599454	False
714	10	96701	0.6931471805599454	False
715	10	70401	0.6931471805599454	False
716	10	251	0.6931471805599454	False
717	10	243329	0.6931471805599453	False
718	10	186408	0.6931471805599454	False
719	10	12239	0.6931471805599453	False
720	10	6737	0.6931471805599454	False
721	10	882377	0.6931471805599452	False
722	10	533	0.6931471805599454	False
723	10	2342	0.6931471805599453	False
724	10	811576	0.6931471805599456	False
725	10	2326	0.6931471805599454	False
726	10	23179	0.6931471805599454	False
727	10	207	0.6931471805599454	False
728	10	266	0.6931471805599453	False
729	10	177387	0.6931471805599453	False
730	10	97	0.6931471805599454	False
731	10	5584	0.6931471805599453	False
732	10	15935	0.6931471805599452	False
733	10	82151	0.6931471805599453	False
734	10	56783	0.6931471805599454	False
735	10	526450	0.6931471805599454	False
736	10	513826	0.6931471805599454	False
737	10	690215	0.6931471805599453	False
738	10	6639	0.6931471805599453	False
739	10	362570	0.6931471805599453	False
740	10	454765	0.6931471805599454	False
741	10	312	0.6931471805599454	False
742	10	208527	0.6931471805599453	False
743	10	756859	0.6931471805599452	False
744	10	10531	0.6931471805599454	False
745	10	229632	0.6931471805599454	False
746	10	222011	0.6931471805599454	False
747	10	100	0.6931471805599454	False
748	10	146623	0.6931471805599454	False
749	10	59	0.6931471805599454	False
750	10	1577	0.6931471805599455	False
751	10	113519	0.6931471805599453	False
752	10	102	0.6931471805599454	False
753	10	897886	0.6931471805599454	False
754	10	552930	0.6931471805599454	False
755	10	153413	0.6931471805599452	False
756	10	65297	0.6931471805599453	False
757	10	20448	0.6931471805599454	False
758	10	114	0.6931471805599454	False
759	10	25085	0.6931471805599454	False
760	10	390962	0.6931471805599453	False
761	10	494082	0.6931471805599452	False
762	10	744183	0.6931471805599452	False
763	10	82795	0.6931471805599453	False
764	10	846763	0.6931471805599454	False
765	10	123540	0.6931471805599452	False
766	10	222688	0.6931471805599454	False
767	10	6069	0.6931471805599454	False
768	10	49	0.6931471805599454	False
769	10	810741	0.6931471805599453	False
770	10	192843	0.6931471805599454	False
771	10	88	0.6931471805599453	False
772	10	262	0.6931471805599454	False
773	10	824	0.6931471805599454	False
774	10	77524	0.6931471805599454	False
775	10	41166	0.6931471805599454	False
776	10	184	0.6931471805599454	False
777	10	337769	0.6931471805599454	False
778	10	296	0.6931471805599453	False
779	10	479674	0.6931471805599454	False
780	10	220	0.6931471805599453	False
781	10	66	0.6931471805599454	False
782	10	124427	0.6931471805599454	False
783	10	2889	0.6931471805599454	False
784	10	267140	0.6931471805599454	False
785	10	56	0.6931471805599454	False
786	10	980	0.6931471805599453	False
787	10	240	0.6931471805599454	False
788	10	740708	0.6931471805599453	False
789	10	8862	0.6931471805599453	False
790	10	4759	0.6931471805599453	False
791	10	56	0.6931471805599454	False
792	10	12857	0.6931471805599453	False
793	10	26673	0.6931471805599453	False
794	10	143853	0.6931471805599453	False
795	10	491210	0.6931471805599453	False
796	10	435052	0.6931471805599452	False
797	10	204	0.6931471805599454	False
798	10	4207	0.6931471805599454	False
799	10	150	0.6931471805599454	False
800	10	316310	0.6931471805599454	False
801	10	32243	0.6931471805599453	False
802	10	2085	0.6931471805599453	False
803	10	599284	0.6931471805599454	False
804	10	160	0.6931471805599454	False
805	10	95507	0.6931471805599452	False
806	10	412660	0.6931471805599454	False
807	10	203189	0.6931471805599453	False
808	10	1941	0.6931471805599453	False
809	10	6394	0.6931471805599454	False
810	10	441542	0.6931471805599454	False
811	10	7634	0.6931471805599452	False
812	10	53099	0.6931471805599454	False
813	10	8908	0.6931471805599453	False
814	10	100548	0.6931471805599454	False
815	10	35602	0.6931471805599452	False
816	10	24116	0.6931471805599453	False
817	10	695255	0.6931471805599453	False
818	10	16900	0.6931471805599454	False
819	10	541256	0.6931471805599453	False
820	10	4698	0.6931471805599453	False
821	10	19981	0.6931471805599453	False
822	10	62101	0.6931471805599453	False
823	10	988786	0.6931471805599454	False
824	10	158412	0.6931471805599452	False
825	10	430890	0.6931471805599454	False
826	10	250	0.6931471805599454	False
827	10	700054	0.6931471805599453	False
828	10	43918	0.6931471805599454	False
829	10	2743	0.6931471805599454	False
830	10	207998	0.6931471805599454	False
831	10	9206	0.6931471805599453	False
832	10	386	0.6931471805599454	False
833	10	466627	0.6931471805599452	False
834	10	160065	0.6931471805599454	False
835	10	773637	0.6931471805599454	False
836	10	612771	0.6931471805599454	False
837	10	43138	0.6931471805599454	False
838	10	252304	0.6931471805599452	False
839	10	147806	0.6931471805599452	False
840	10	588285	0.6931471805599454	False
841	10	73	0.6931471805599454	False
842	10	16714	0.6931471805599453	False
843	10	93129	0.6931471805599454	False
844	10	3234	0.6931471805599453	False
845	10	2139	0.6931471805599454	False
846	10	168	0.6931471805599454	False
847	10	54912	0.6931471805599453	False
848	10	238938	0.6931471805599453	False
849	10	419745	0.6931471805599453	False
850	10	25389	0.6931471805599452	False
851	10	57824	0.6931471805599453	False
852	10	1231	0.6931471805599453	False
853	10	16044	0.6931471805599452	False
854	10	708889	0.6931471805599453	False
855	10	572080	0.6931471805599454	False
856	10	37	0.6931471805599453	False
857	10	274663	0.6931471805599454	False
858	10	14433	0.6931471805599453	False
859	10	506119	0.6931471805599454	False
860	10	296413	0.6931471805599453	False
861	10	12242	0.6931471805599453	False
862	10	190963	0.6931471805599454	False
863	10	84	0.6931471805599454	False
864	10	691897	0.6931471805599454	False
865	10	17790	0.6931471805599453	False
866	10	21656	0.6931471805599453	False
867	10	26143	0.6931471805599454	False
868	10	12697	0.6931471805599453	False
869	10	421265	0.6931471805599454	False
870	10	145385	0.6931471805599454	False
871	10	208987	0.6931471805599454	False
872	10	182	0.6931471805599453	False
873	10	486956	0.6931471805599454	False
874	10	99881	0.6931471805599454	False
875	10	5197	0.6931471805599454	False
876	10	186	0.6931471805599454	False
877	10	2996	0.6931471805599454	False
878	10	1690	0.6931471805599453	False
879	10	51245	0.6931471805599454	False
880	10	489743	0.6931471805599454	False
881	10	13147	0.6931471805599454	False
882	10	189601	0.6931471805599454	False
883	10	172449	0.6931471805599454	False
884	10	495	0.6931471805599453	False
885	10	35979	0.6931471805599453	False
886	10	280	0.6931471805599453	False
887	10	646872	0.6931471805599452	False
888	10	139825	0.6931471805599454	False
889	10	25443	0.6931471805599454	False
890	10	662	0.6931471805599454	False
891	10	166	0.6931471805599454	False
892	10	267539	0.6931471805599452	False
893	10	36825	0.6931471805599453	False
894	10	120	0.6931471805599453	False
895	10	113373	0.6931471805599454	False
896	10	103671	0.6931471805599453	False
897	10	94	0.6931471805599454	False
898	10	54717	0.6931471805599452	False
899	10	24908	0.6931471805599454	False
900	10	2089	0.6931471805599454	False
901	10	244	0.6931471805599454	False
902	10	58	0.6931471805599454	False
903	10	773	0.6931471805599454	False
904	10	571033	0.6931471805599453	False
905	10	580154	0.6931471805599453	False
906	10	63816	0.6931471805599454	False
907	10	67755	0.6931471805599453	False
908	10	54631	0.6931471805599454	False
909	10	358681	0.6931471805599454	False
910	10	423738	0.6931471805599452	False
911	10	42337	0.6931471805599453	False
912	10	5531	0.6931471805599453	False
913	10	150011	0.6931471805599454	False
914	10	108203	0.6931471805599454	False
915	10	25269	0.6931471805599452	False
916	10	148568	0.6931471805599454	False
917	10	316533	0.6931471805599452	False
918	10	276	0.6931471805599454	False
919	10	281	0.6931471805599454	False
920	10	102937	0.6931471805599453	False
921	10	404994	0.6931471805599453	False
922	10	452560	0.6931471805599453	False
923	10	49224	0.6931471805599453	False
924	10	1289	0.6931471805599453	False
925	10	521730	0.6931471805599454	False
926	10	32106	0.6931471805599452	False
927	10	29630	0.6931471805599453	False
928	10	331753	0.6931471805599454	False
929	10	368	0.6931471805599454	False
930	10	53250	0.6931471805599453	False
931	10	9818	0.6931471805599453	False
932	10	434860	0.6931471805599452	False
933	10	569101	0.6931471805599454	False
934	10	42093	0.6931471805599454	False
935	10	452021	0.6931471805599452	False
936	10	247072	0.6931471805599454	False
937	10	41644	0.6931471805599454	False
938	10	211238	0.6931471805599452	False
939	10	76477	0.6931471805599454	False
940	10	229	0.6931471805599454	False
941	10	604635	0.6931471805599452	False
942	10	348127	0.6931471805599454	False
943	10	580312	0.6931471805599453	False
944	10	631033	0.6931471805599454	False
945	10	204251	0.6931471805599454	False
946	10	250133	0.6931471805599452	False
947	10	10052	0.6931471805599454	False
948	10	286	0.6931471805599453	False
949	10	45797	0.6931471805599454	False
950	10	29078	0.6931471805599453	False
951	10	2487	0.6931471805599454	False
952	10	48	0.6931471805599454	False
953	10	78649	0.6931471805599453	False
954	10	2765	0.6931471805599453	False
955	10	6454	0.6931471805599453	False
956	10	226953	0.6931471805599454	False
957	10	126753	0.6931471805599454	False
958	10	13817	0.6931471805599453	False
959	10	888423	0.6931471805599452	False
960	10	619	0.6931471805599454	False
961	10	154989	0.6931471805599454	False
962	10	33287	0.6931471805599454	False
963	10	372179	0.6931471805599452	False
964	10	8255	0.6931471805599453	False
965	10	372	0.6931471805599453	False
966	10	889527	0.6931471805599454	False
967	10	578469	0.6931471805599454	False
968	10	349345	0.6931471805599454	False
969	10	506522	0.6931471805599454	False
970	10	66986	0.6931471805599453	False
971	10	123796	0.6931471805599453	False
972	10	229114	0.6931471805599454	False
973	10	1178	0.6931471805599454	False
974	10	38868	0.6931471805599453	False
975	10	12218	0.6931471805599452	False
976	10	15119	0.6931471805599453	False
977	10	11978	0.6931471805599453	False
978	10	13451	0.6931471805599453	False
979	10	658	0.6931471805599453	False
980	10	65778	0.6931471805599454	False
981	10	178465	0.6931471805599452	False
982	10	195	0.6931471805599454	False
983	10	41392	0.6931471805599452	False
984	10	166638	0.6931471805599454	False
985	10	816265	0.6931471805599454	False
986	10	479963	0.6931471805599452	False
987	10	322712	0.6931471805599452	False
988	10	616044	0.6931471805599454	False
989	10	246141	0.6931471805599454	False
990	10	2447	0.6931471805599454	False
991	10	151724	0.6931471805599454	False
992	10	441007	0.6931471805599454	False
993	10	293521	0.6931471805599454	False
994	10	60147	0.6931471805599454	False
995	10	389677	0.6931471805599454	False
996	10	67038	0.6931471805599453	False
997	10	50624	0.6931471805599453	False
998	10	78	0.6931471805599454	False
999	10	186493	0.6931471805599453	False
1000	10	12875	0.6931471805599453	False
